Taille	TempsQuickSort	TempsMonTriHeap	TempsFusionTri
1	0.000003	0.000002	0.000002
2	0.000002	0.000002	0.000003
3	0.000001	0.000002	0.000002
4	0.000002	0.000002	0.000003
5	0.000002	0.000002	0.000004
6	0.000002	0.000003	0.000004
7	0.000002	0.000003	0.000005
8	0.000003	0.000003	0.000009
9	0.000002	0.000003	0.000005
10	0.000003	0.000004	0.000007
11	0.000003	0.000004	0.000006
12	0.000003	0.000004	0.000010
13	0.000003	0.000004	0.000007
14	0.000003	0.000004	0.000007
15	0.000003	0.000005	0.000008
16	0.000004	0.000005	0.000008
17	0.000005	0.000005	0.000009
18	0.000005	0.000006	0.000010
19	0.000005	0.000006	0.000009
20	0.000005	0.000007	0.000010
21	0.000005	0.000006	0.000015
22	0.000004	0.000007	0.000011
23	0.000006	0.000007	0.000017
24	0.000006	0.000008	0.000018
25	0.000005	0.000007	0.000020
26	0.000006	0.000008	0.000015
27	0.000007	0.000009	0.000021
28	0.000005	0.000009	0.000016
29	0.000007	0.000009	0.000021
30	0.000007	0.000010	0.000017
31	0.000008	0.000010	0.000018
32	0.000008	0.000010	0.000019
33	0.000008	0.000011	0.000019
34	0.000007	0.000011	0.000027
35	0.000009	0.000011	0.000021
36	0.000009	0.000011	0.000022
37	0.000009	0.000012	0.000026
38	0.000010	0.000013	0.000023
39	0.000009	0.000013	0.000024
40	0.000009	0.000013	0.000023
41	0.000009	0.000013	0.000029
42	0.000010	0.000014	0.000025
43	0.000010	0.000014	0.000024
44	0.000012	0.000015	0.000025
45	0.000010	0.000015	0.000026
46	0.000036	0.000017	0.000033
47	0.000011	0.000016	0.000028
48	0.000011	0.000017	0.000029
49	0.000012	0.000017	0.000029
50	0.000011	0.000018	0.000031
51	0.000011	0.000017	0.000030
52	0.000013	0.000020	0.000031
53	0.000015	0.000020	0.000032
54	0.000013	0.000020	0.000032
55	0.000013	0.000021	0.000033
56	0.000015	0.000020	0.000033
57	0.000015	0.000021	0.000034
58	0.000017	0.000021	0.000037
59	0.000015	0.000021	0.000036
60	0.000014	0.000021	0.000036
61	0.000018	0.000024	0.000039
62	0.000019	0.000023	0.000042
63	0.000016	0.000022	0.000040
64	0.000017	0.000024	0.000045
65	0.000015	0.000024	0.000045
66	0.000017	0.000025	0.000043
67	0.000016	0.000025	0.000043
68	0.000019	0.000027	0.000043
69	0.000017	0.000024	0.000049
70	0.000018	0.000025	0.000032
71	0.000016	0.000022	0.000023
72	0.000016	0.000021	0.000023
73	0.000014	0.000020	0.000026
74	0.000013	0.000022	0.000023
75	0.000016	0.000021	0.000024
76	0.000016	0.000022	0.000026
77	0.000015	0.000023	0.000024
78	0.000015	0.000023	0.000024
79	0.000021	0.000027	0.000054
80	0.000018	0.000030	0.000032
81	0.000015	0.000024	0.000028
82	0.000016	0.000024	0.000026
83	0.000017	0.000024	0.000036
84	0.000015	0.000025	0.000029
85	0.000016	0.000025	0.000032
86	0.000016	0.000025	0.000029
87	0.000019	0.000026	0.000029
88	0.000022	0.000027	0.000050
89	0.000022	0.000051	0.000057
90	0.000022	0.000033	0.000046
91	0.000026	0.000035	0.000044
92	0.000020	0.000028	0.000031
93	0.000020	0.000029	0.000031
94	0.000020	0.000029	0.000037
95	0.000019	0.000030	0.000030
96	0.000020	0.000031	0.000030
97	0.000019	0.000031	0.000035
98	0.000021	0.000030	0.000034
99	0.000023	0.000030	0.000043
100	0.000026	0.000037	0.000053
101	0.000028	0.000038	0.000066
102	0.000026	0.000038	0.000047
103	0.000023	0.000031	0.000034
104	0.000022	0.000033	0.000037
105	0.000025	0.000033	0.000037
106	0.000021	0.000033	0.000039
107	0.000024	0.000034	0.000038
108	0.000022	0.000034	0.000040
109	0.000023	0.000034	0.000041
110	0.000029	0.000040	0.000041
111	0.000023	0.000034	0.000037
112	0.000032	0.000042	0.000060
113	0.000025	0.000034	0.000035
114	0.000024	0.000036	0.000036
115	0.000024	0.000036	0.000036
116	0.000026	0.000036	0.000038
117	0.000026	0.000047	0.000063
118	0.000032	0.000045	0.000054
119	0.000026	0.000042	0.000038
120	0.000029	0.000037	0.000053
121	0.000026	0.000038	0.000068
122	0.000027	0.000039	0.000045
123	0.000040	0.000043	0.000050
124	0.000029	0.000039	0.000046
125	0.000027	0.000040	0.000042
126	0.000030	0.000041	0.000043
127	0.000028	0.000041	0.000047
128	0.000031	0.000042	0.000048
129	0.000033	0.000042	0.000047
130	0.000029	0.000042	0.000042
131	0.000029	0.000041	0.000043
132	0.000027	0.000045	0.000043
133	0.000033	0.000044	0.000048
134	0.000032	0.000045	0.000045
135	0.000043	0.000053	0.000073
136	0.000033	0.000044	0.000051
137	0.000031	0.000045	0.000049
138	0.000033	0.000044	0.000052
139	0.000030	0.000043	0.000050
140	0.000037	0.000045	0.000049
141	0.000032	0.000045	0.000049
142	0.000037	0.000045	0.000048
143	0.000032	0.000046	0.000051
144	0.000035	0.000047	0.000051
145	0.000036	0.000047	0.000048
146	0.000038	0.000048	0.000047
147	0.000034	0.000047	0.000050
148	0.000032	0.000068	0.000052
149	0.000035	0.000049	0.000049
150	0.000037	0.000049	0.000051
151	0.000036	0.000050	0.000057
152	0.000038	0.000057	0.000090
153	0.000047	0.000063	0.000094
154	0.000049	0.000067	0.000088
155	0.000056	0.000060	0.000094
156	0.000050	0.000063	0.000097
157	0.000046	0.000065	0.000097
158	0.000052	0.000063	0.000085
159	0.000055	0.000068	0.000097
160	0.000055	0.000064	0.000087
161	0.000053	0.000066	0.000089
162	0.000058	0.000068	0.000089
163	0.000055	0.000067	0.000079
164	0.000057	0.000064	0.000056
165	0.000040	0.000055	0.000062
166	0.000044	0.000078	0.000060
167	0.000044	0.000063	0.000082
168	0.000047	0.000066	0.000082
169	0.000042	0.000061	0.000112
170	0.000062	0.000074	0.000115
171	0.000072	0.000071	0.000094
172	0.000055	0.000072	0.000099
173	0.000054	0.000059	0.000077
174	0.000049	0.000063	0.000065
175	0.000044	0.000058	0.000063
176	0.000046	0.000060	0.000067
177	0.000063	0.000066	0.000096
178	0.000058	0.000084	0.000112
179	0.000065	0.000080	0.000101
180	0.000061	0.000070	0.000091
181	0.000060	0.000073	0.000146
182	0.000060	0.000077	0.000100
183	0.000071	0.000076	0.000109
184	0.000069	0.000076	0.000111
185	0.000051	0.000074	0.000099
186	0.000069	0.000079	0.000097
187	0.000052	0.000068	0.000068
188	0.000056	0.000072	0.000068
189	0.000057	0.000075	0.000103
190	0.000076	0.000064	0.000072
191	0.000053	0.000068	0.000067
192	0.000066	0.000082	0.000128
193	0.000063	0.000084	0.000124
194	0.000067	0.000082	0.000098
195	0.000073	0.000087	0.000135
196	0.000076	0.000085	0.000090
197	0.000052	0.000069	0.000092
198	0.000054	0.000068	0.000066
199	0.000072	0.000078	0.000067
200	0.000062	0.000070	0.000073
201	0.000054	0.000071	0.000074
202	0.000059	0.000068	0.000074
203	0.000060	0.000072	0.000089
204	0.000058	0.000072	0.000078
205	0.000061	0.000090	0.000153
206	0.000070	0.000074	0.000088
207	0.000078	0.000087	0.000109
208	0.000085	0.000094	0.000082
209	0.000057	0.000073	0.000088
210	0.000061	0.000130	0.000077
211	0.000062	0.000073	0.000083
212	0.000062	0.000077	0.000082
213	0.000062	0.000087	0.000087
214	0.000069	0.000080	0.000085
215	0.000058	0.000083	0.000079
216	0.000066	0.000075	0.000077
217	0.000064	0.000074	0.000074
218	0.000060	0.000074	0.000074
219	0.000061	0.000076	0.000075
220	0.000066	0.000076	0.000076
221	0.000068	0.000077	0.000081
222	0.000064	0.000076	0.000078
223	0.000068	0.000077	0.000077
224	0.000062	0.000077	0.000080
225	0.000067	0.000079	0.000081
226	0.000079	0.000077	0.000078
227	0.000067	0.000080	0.000082
228	0.000075	0.000079	0.000079
229	0.000068	0.000081	0.000081
230	0.000067	0.000080	0.000105
231	0.000063	0.000081	0.000085
232	0.000065	0.000081	0.000085
233	0.000066	0.000081	0.000087
234	0.000072	0.000082	0.000084
235	0.000071	0.000080	0.000080
236	0.000077	0.000084	0.000080
237	0.000067	0.000082	0.000082
238	0.000064	0.000081	0.000079
239	0.000075	0.000082	0.000140
240	0.000094	0.000104	0.000152
241	0.000095	0.000104	0.000140
242	0.000091	0.000107	0.000140
243	0.000079	0.000085	0.000090
244	0.000069	0.000087	0.000087
245	0.000076	0.000087	0.000096
246	0.000101	0.000108	0.000153
247	0.000075	0.000089	0.000086
248	0.000073	0.000088	0.000093
249	0.000075	0.000102	0.000095
250	0.000079	0.000087	0.000092
251	0.000079	0.000088	0.000089
252	0.000082	0.000090	0.000092
253	0.000100	0.000089	0.000094
254	0.000080	0.000090	0.000089
255	0.000077	0.000089	0.000089
256	0.000079	0.000089	0.000087
257	0.000076	0.000090	0.000093
258	0.000080	0.000094	0.000095
259	0.000075	0.000116	0.000145
260	0.000079	0.000092	0.000094
261	0.000082	0.000091	0.000089
262	0.000080	0.000094	0.000092
263	0.000083	0.000093	0.000095
264	0.000089	0.000090	0.000089
265	0.000081	0.000093	0.000090
266	0.000105	0.000096	0.000100
267	0.000084	0.000096	0.000100
268	0.000121	0.000107	0.000099
269	0.000088	0.000095	0.000099
270	0.000089	0.000093	0.000096
271	0.000087	0.000094	0.000095
272	0.000088	0.000106	0.000093
273	0.000087	0.000098	0.000095
274	0.000089	0.000097	0.000127
275	0.000088	0.000097	0.000101
276	0.000090	0.000098	0.000101
277	0.000093	0.000101	0.000098
278	0.000087	0.000118	0.000100
279	0.000089	0.000099	0.000096
280	0.000090	0.000103	0.000099
281	0.000089	0.000101	0.000097
282	0.000091	0.000101	0.000099
283	0.000091	0.000102	0.000105
284	0.000091	0.000103	0.000104
285	0.000092	0.000101	0.000105
286	0.000098	0.000100	0.000104
287	0.000097	0.000103	0.000100
288	0.000098	0.000102	0.000101
289	0.000097	0.000104	0.000099
290	0.000090	0.000132	0.000098
291	0.000093	0.000100	0.000102
292	0.000091	0.000100	0.000102
293	0.000096	0.000100	0.000105
294	0.000087	0.000101	0.000104
295	0.000090	0.000101	0.000101
296	0.000105	0.000101	0.000098
297	0.000089	0.000103	0.000097
298	0.000125	0.000132	0.000165
299	0.000124	0.000103	0.000112
300	0.000096	0.000100	0.000106
301	0.000090	0.000103	0.000135
302	0.000096	0.000099	0.000099
303	0.000095	0.000101	0.000093
304	0.000095	0.000098	0.000096
305	0.000094	0.000101	0.000096
306	0.000093	0.000100	0.000097
307	0.000093	0.000100	0.000100
308	0.000095	0.000098	0.000104
309	0.000097	0.000101	0.000139
310	0.000120	0.000126	0.000129
311	0.000097	0.000103	0.000102
312	0.000105	0.000104	0.000101
313	0.000126	0.000100	0.000095
314	0.000092	0.000097	0.000120
315	0.000089	0.000098	0.000102
316	0.000094	0.000100	0.000098
317	0.000095	0.000102	0.000098
318	0.000099	0.000100	0.000095
319	0.000093	0.000102	0.000095
320	0.000095	0.000102	0.000095
321	0.000098	0.000102	0.000094
322	0.000100	0.000101	0.000102
323	0.000094	0.000099	0.000098
324	0.000097	0.000103	0.000102
325	0.000093	0.000125	0.000094
326	0.000090	0.000097	0.000093
327	0.000089	0.000095	0.000088
328	0.000090	0.000094	0.000091
329	0.000093	0.000095	0.000094
330	0.000097	0.000094	0.000097
331	0.000098	0.000095	0.000097
332	0.000093	0.000096	0.000099
333	0.000094	0.000096	0.000093
334	0.000095	0.000095	0.000090
335	0.000097	0.000096	0.000092
336	0.000094	0.000096	0.000098
337	0.000094	0.000097	0.000125
338	0.000091	0.000092	0.000096
339	0.000097	0.000096	0.000099
340	0.000097	0.000095	0.000088
341	0.000098	0.000099	0.000091
342	0.000098	0.000096	0.000090
343	0.000093	0.000095	0.000097
344	0.000091	0.000096	0.000095
345	0.000091	0.000095	0.000098
346	0.000089	0.000097	0.000098
347	0.000094	0.000095	0.000093
348	0.000091	0.000096	0.000092
349	0.000099	0.000098	0.000090
350	0.000095	0.000117	0.000101
351	0.000092	0.000095	0.000094
352	0.000090	0.000095	0.000095
353	0.000098	0.000092	0.000095
354	0.000099	0.000093	0.000090
355	0.000093	0.000094	0.000108
356	0.000139	0.000118	0.000095
357	0.000095	0.000097	0.000103
358	0.000105	0.000119	0.000151
359	0.000129	0.000119	0.000100
360	0.000096	0.000096	0.000089
361	0.000099	0.000096	0.000091
362	0.000111	0.000096	0.000090
363	0.000091	0.000097	0.000091
364	0.000095	0.000097	0.000097
365	0.000094	0.000104	0.000096
366	0.000101	0.000099	0.000097
367	0.000097	0.000101	0.000095
368	0.000109	0.000100	0.000095
369	0.000097	0.000097	0.000093
370	0.000099	0.000101	0.000100
371	0.000098	0.000098	0.000098
372	0.000105	0.000100	0.000100
373	0.000103	0.000099	0.000093
374	0.000111	0.000121	0.000092
375	0.000095	0.000099	0.000090
376	0.000105	0.000099	0.000114
377	0.000099	0.000099	0.000097
378	0.000104	0.000098	0.000094
379	0.000099	0.000101	0.000096
380	0.000101	0.000098	0.000092
381	0.000102	0.000098	0.000092
382	0.000099	0.000098	0.000089
383	0.000098	0.000100	0.000096
384	0.000102	0.000102	0.000097
385	0.000104	0.000100	0.000099
386	0.000104	0.000127	0.000092
387	0.000103	0.000097	0.000094
388	0.000098	0.000098	0.000089
389	0.000108	0.000099	0.000096
390	0.000100	0.000100	0.000096
391	0.000098	0.000098	0.000097
392	0.000102	0.000101	0.000094
393	0.000111	0.000099	0.000091
394	0.000108	0.000104	0.000092
395	0.000107	0.000100	0.000097
396	0.000103	0.000102	0.000099
397	0.000111	0.000100	0.000100
398	0.000115	0.000108	0.000094
399	0.000106	0.000097	0.000098
400	0.000111	0.000100	0.000097
401	0.000107	0.000101	0.000098
402	0.000104	0.000102	0.000100
403	0.000103	0.000100	0.000101
404	0.000106	0.000103	0.000096
405	0.000110	0.000101	0.000097
406	0.000112	0.000103	0.000097
407	0.000105	0.000104	0.000102
408	0.000106	0.000103	0.000102
409	0.000109	0.000104	0.000103
410	0.000129	0.000100	0.000095
411	0.000109	0.000099	0.000093
412	0.000107	0.000098	0.000094
413	0.000103	0.000101	0.000100
414	0.000113	0.000099	0.000099
415	0.000106	0.000099	0.000098
416	0.000113	0.000101	0.000096
417	0.000121	0.000110	0.000105
418	0.000126	0.000101	0.000102
419	0.000109	0.000103	0.000101
420	0.000111	0.000103	0.000103
421	0.000117	0.000104	0.000131
422	0.000105	0.000101	0.000095
423	0.000111	0.000100	0.000094
424	0.000105	0.000100	0.000131
425	0.000118	0.000099	0.000102
426	0.000115	0.000101	0.000097
427	0.000108	0.000105	0.000097
428	0.000112	0.000100	0.000094
429	0.000111	0.000101	0.000095
430	0.000112	0.000102	0.000100
431	0.000105	0.000101	0.000101
432	0.000114	0.000102	0.000100
433	0.000135	0.000115	0.000098
434	0.000117	0.000102	0.000096
435	0.000111	0.000103	0.000101
436	0.000114	0.000103	0.000101
437	0.000113	0.000103	0.000102
438	0.000114	0.000104	0.000097
439	0.000114	0.000104	0.000098
440	0.000116	0.000104	0.000097
441	0.000113	0.000107	0.000124
442	0.000130	0.000104	0.000104
443	0.000117	0.000106	0.000097
444	0.000118	0.000134	0.000098
445	0.000120	0.000104	0.000118
446	0.000119	0.000106	0.000103
447	0.000123	0.000105	0.000105
448	0.000122	0.000106	0.000104
449	0.000127	0.000104	0.000101
450	0.000120	0.000109	0.000100
451	0.000118	0.000105	0.000105
452	0.000122	0.000107	0.000106
453	0.000116	0.000107	0.000104
454	0.000123	0.000109	0.000101
455	0.000142	0.000119	0.000102
456	0.000119	0.000110	0.000101
457	0.000117	0.000110	0.000107
458	0.000128	0.000108	0.000106
459	0.000124	0.000108	0.000104
460	0.000124	0.000109	0.000102
461	0.000120	0.000107	0.000103
462	0.000127	0.000111	0.000119
463	0.000124	0.000111	0.000123
464	0.000136	0.000111	0.000109
465	0.000135	0.000109	0.000119
466	0.000126	0.000111	0.000105
467	0.000127	0.000112	0.000111
468	0.000128	0.000113	0.000109
469	0.000128	0.000112	0.000111
470	0.000126	0.000115	0.000105
471	0.000131	0.000110	0.000105
472	0.000126	0.000115	0.000111
473	0.000125	0.000113	0.000110
474	0.000132	0.000115	0.000113
475	0.000128	0.000114	0.000107
476	0.000146	0.000124	0.000107
477	0.000131	0.000112	0.000113
478	0.000129	0.000114	0.000115
479	0.000130	0.000122	0.000137
480	0.000134	0.000116	0.000107
481	0.000133	0.000115	0.000107
482	0.000129	0.000119	0.000116
483	0.000138	0.000116	0.000113
484	0.000139	0.000117	0.000115
485	0.000136	0.000116	0.000109
486	0.000166	0.000118	0.000109
487	0.000141	0.000117	0.000118
488	0.000137	0.000117	0.000115
489	0.000139	0.000116	0.000116
490	0.000136	0.000118	0.000109
491	0.000132	0.000117	0.000117
492	0.000161	0.000119	0.000116
493	0.000138	0.000119	0.000116
494	0.000142	0.000117	0.000110
495	0.000146	0.000120	0.000110
496	0.000148	0.000119	0.000110
497	0.000144	0.000122	0.000121
498	0.000138	0.000119	0.000117
499	0.000143	0.000121	0.000111
500	0.000143	0.000120	0.000114
501	0.000145	0.000121	0.000135
502	0.000148	0.000120	0.000118
503	0.000141	0.000121	0.000118
504	0.000143	0.000121	0.000114
505	0.000148	0.000147	0.000114
506	0.000153	0.000122	0.000119
507	0.000143	0.000123	0.000118
508	0.000147	0.000120	0.000119
509	0.000147	0.000120	0.000113
510	0.000142	0.000123	0.000115
511	0.000150	0.000122	0.000118
512	0.000144	0.000121	0.000119
513	0.000149	0.000124	0.000114
514	0.000148	0.000123	0.000113
515	0.000155	0.000126	0.000132
516	0.000151	0.000126	0.000122
517	0.000150	0.000123	0.000125
518	0.000152	0.000126	0.000117
519	0.000151	0.000128	0.000117
520	0.000160	0.000139	0.000136
521	0.000148	0.000125	0.000122
522	0.000151	0.000125	0.000117
523	0.000150	0.000123	0.000118
524	0.000182	0.000126	0.000127
525	0.000150	0.000126	0.000125
526	0.000149	0.000125	0.000126
527	0.000155	0.000128	0.000120
528	0.000156	0.000129	0.000120
529	0.000157	0.000128	0.000124
530	0.000207	0.000157	0.000132
531	0.000164	0.000130	0.000121
532	0.000175	0.000131	0.000148
533	0.000163	0.000127	0.000136
534	0.000166	0.000131	0.000127
535	0.000165	0.000131	0.000126
536	0.000162	0.000130	0.000121
537	0.000159	0.000134	0.000121
538	0.000157	0.000129	0.000129
539	0.000162	0.000131	0.000128
540	0.000162	0.000130	0.000121
541	0.000162	0.000157	0.000122
542	0.000162	0.000131	0.000128
543	0.000179	0.000132	0.000128
544	0.000164	0.000133	0.000144
545	0.000163	0.000133	0.000123
546	0.000161	0.000131	0.000124
547	0.000170	0.000133	0.000129
548	0.000171	0.000136	0.000131
549	0.000166	0.000134	0.000153
550	0.000176	0.000135	0.000131
551	0.000167	0.000134	0.000131
552	0.000179	0.000134	0.000130
553	0.000176	0.000135	0.000126
554	0.000169	0.000135	0.000125
555	0.000172	0.000136	0.000133
556	0.000169	0.000136	0.000132
557	0.000174	0.000136	0.000132
558	0.000204	0.000136	0.000130
559	0.000174	0.000134	0.000128
560	0.000171	0.000139	0.000135
561	0.000164	0.000136	0.000133
562	0.000172	0.000135	0.000128
563	0.000173	0.000140	0.000129
564	0.000175	0.000137	0.000133
565	0.000174	0.000138	0.000134
566	0.000179	0.000161	0.000128
567	0.000175	0.000140	0.000138
568	0.000171	0.000139	0.000137
569	0.000170	0.000139	0.000134
570	0.000211	0.000140	0.000129
571	0.000175	0.000139	0.000128
572	0.000178	0.000141	0.000135
573	0.000189	0.000141	0.000135
574	0.000176	0.000166	0.000135
575	0.000181	0.000140	0.000132
576	0.000182	0.000140	0.000145
577	0.000184	0.000142	0.000139
578	0.000179	0.000144	0.000140
579	0.000176	0.000145	0.000132
580	0.000192	0.000141	0.000139
581	0.000184	0.000140	0.000140
582	0.000207	0.000153	0.000142
583	0.000203	0.000152	0.000134
584	0.000222	0.000145	0.000146
585	0.000194	0.000143	0.000141
586	0.000193	0.000146	0.000141
587	0.000186	0.000146	0.000132
588	0.000185	0.000144	0.000142
589	0.000185	0.000143	0.000141
590	0.000202	0.000144	0.000142
591	0.000191	0.000146	0.000160
592	0.000184	0.000146	0.000152
593	0.000198	0.000147	0.000144
594	0.000184	0.000146	0.000135
595	0.000199	0.000147	0.000135
596	0.000189	0.000147	0.000143
597	0.000190	0.000172	0.000146
598	0.000202	0.000147	0.000139
599	0.000196	0.000149	0.000137
600	0.000193	0.000146	0.000143
601	0.000196	0.000148	0.000147
602	0.000217	0.000150	0.000139
603	0.000189	0.000151	0.000136
604	0.000201	0.000202	0.000145
605	0.000198	0.000146	0.000156
606	0.000197	0.000150	0.000145
607	0.000199	0.000149	0.000139
608	0.000198	0.000152	0.000145
609	0.000202	0.000150	0.000145
610	0.000197	0.000152	0.000142
611	0.000195	0.000151	0.000138
612	0.000227	0.000152	0.000148
613	0.000197	0.000153	0.000147
614	0.000215	0.000162	0.000140
615	0.000206	0.000151	0.000141
616	0.000199	0.000153	0.000147
617	0.000211	0.000154	0.000154
618	0.000217	0.000154	0.000221
619	0.000224	0.000160	0.000143
620	0.000199	0.000155	0.000148
621	0.000213	0.000154	0.000147
622	0.000211	0.000154	0.000143
623	0.000212	0.000154	0.000141
624	0.000206	0.000155	0.000149
625	0.000197	0.000156	0.000148
626	0.000206	0.000186	0.000142
627	0.000204	0.000155	0.000143
628	0.000204	0.000155	0.000149
629	0.000205	0.000155	0.000195
630	0.000240	0.000159	0.000145
631	0.000213	0.000156	0.000161
632	0.000204	0.000157	0.000148
633	0.000209	0.000187	0.000160
634	0.000225	0.000155	0.000142
635	0.000211	0.000156	0.000148
636	0.000213	0.000157	0.000150
637	0.000226	0.000160	0.000171
638	0.000212	0.000160	0.000143
639	0.000216	0.000158	0.000150
640	0.000213	0.000188	0.000151
641	0.000213	0.000157	0.000148
642	0.000218	0.000162	0.000147
643	0.000223	0.000158	0.000155
644	0.000219	0.000161	0.000152
645	0.000210	0.000160	0.000146
646	0.000217	0.000161	0.000153
647	0.000292	0.000160	0.000153
648	0.000229	0.000163	0.000148
649	0.000219	0.000163	0.000146
650	0.000216	0.000164	0.000158
651	0.000286	0.000214	0.000244
652	0.000312	0.000211	0.000173
653	0.000235	0.000179	0.000167
654	0.000240	0.000221	0.000164
655	0.000230	0.000164	0.000161
656	0.000224	0.000161	0.000154
657	0.000220	0.000165	0.000171
658	0.000219	0.000164	0.000160
659	0.000221	0.000169	0.000170
660	0.000222	0.000165	0.000152
661	0.000222	0.000162	0.000160
662	0.000248	0.000179	0.000250
663	0.000316	0.000214	0.000219
664	0.000294	0.000167	0.000159
665	0.000228	0.000171	0.000200
666	0.000234	0.000164	0.000167
667	0.000226	0.000165	0.000152
668	0.000233	0.000166	0.000161
669	0.000266	0.000186	0.000178
670	0.000315	0.000227	0.000200
671	0.000259	0.000169	0.000194
672	0.000240	0.000167	0.000163
673	0.000234	0.000168	0.000162
674	0.000236	0.000170	0.000156
675	0.000247	0.000170	0.000165
676	0.000240	0.000172	0.000164
677	0.000237	0.000170	0.000158
678	0.000277	0.000170	0.000159
679	0.000301	0.000194	0.000168
680	0.000236	0.000168	0.000167
681	0.000243	0.000172	0.000158
682	0.000233	0.000172	0.000181
683	0.000242	0.000171	0.000167
684	0.000319	0.000180	0.000158
685	0.000239	0.000172	0.000158
686	0.000242	0.000173	0.000168
687	0.000240	0.000176	0.000166
688	0.000237	0.000172	0.000170
689	0.000247	0.000173	0.000167
690	0.000278	0.000196	0.000174
691	0.000244	0.000170	0.000159
692	0.000254	0.000174	0.000163
693	0.000243	0.000173	0.000168
694	0.000256	0.000172	0.000171
695	0.000248	0.000174	0.000161
696	0.000251	0.000175	0.000195
697	0.000258	0.000172	0.000171
698	0.000250	0.000177	0.000160
699	0.000263	0.000174	0.000164
700	0.000245	0.000177	0.000171
701	0.000252	0.000177	0.000169
702	0.000251	0.000175	0.000164
703	0.000263	0.000177	0.000171
704	0.000246	0.000175	0.000171
705	0.000256	0.000175	0.000165
706	0.000270	0.000177	0.000164
707	0.000280	0.000179	0.000172
708	0.000259	0.000178	0.000163
709	0.000281	0.000181	0.000165
710	0.000253	0.000178	0.000175
711	0.000253	0.000182	0.000172
712	0.000260	0.000179	0.000164
713	0.000261	0.000179	0.000180
714	0.000262	0.000181	0.000174
715	0.000283	0.000179	0.000167
716	0.000268	0.000207	0.000164
717	0.000259	0.000182	0.000173
718	0.000258	0.000179	0.000173
719	0.000263	0.000182	0.000165
720	0.000265	0.000181	0.000178
721	0.000274	0.000179	0.000181
722	0.000252	0.000181	0.000167
723	0.000279	0.000181	0.000190
724	0.000269	0.000180	0.000177
725	0.000274	0.000193	0.000168
726	0.000261	0.000183	0.000195
727	0.000276	0.000183	0.000178
728	0.000272	0.000184	0.000168
729	0.000279	0.000182	0.000168
730	0.000271	0.000182	0.000177
731	0.000273	0.000183	0.000177
732	0.000278	0.000200	0.000180
733	0.000270	0.000183	0.000178
734	0.000263	0.000186	0.000180
735	0.000273	0.000184	0.000169
736	0.000271	0.000189	0.000184
737	0.000280	0.000200	0.000176
738	0.000274	0.000212	0.000170
739	0.000281	0.000186	0.000197
740	0.000356	0.000182	0.000182
741	0.000307	0.000188	0.000172
742	0.000286	0.000188	0.000169
743	0.000283	0.000188	0.000197
744	0.000285	0.000188	0.000178
745	0.000273	0.000187	0.000172
746	0.000279	0.000188	0.000178
747	0.000279	0.000189	0.000177
748	0.000278	0.000188	0.000172
749	0.000286	0.000214	0.000186
750	0.000293	0.000191	0.000179
751	0.000285	0.000191	0.000174
752	0.000293	0.000188	0.000185
753	0.000287	0.000189	0.000179
754	0.000294	0.000192	0.000180
755	0.000358	0.000191	0.000173
756	0.000290	0.000196	0.000197
757	0.000286	0.000191	0.000179
758	0.000292	0.000192	0.000172
759	0.000292	0.000191	0.000182
760	0.000283	0.000194	0.000213
761	0.000298	0.000194	0.000174
762	0.000300	0.000192	0.000180
763	0.000297	0.000245	0.000183
764	0.000296	0.000195	0.000177
765	0.000286	0.000195	0.000184
766	0.000324	0.000193	0.000187
767	0.000283	0.000195	0.000177
768	0.000291	0.000195	0.000181
769	0.000295	0.000196	0.000184
770	0.000296	0.000194	0.000173
771	0.000300	0.000223	0.000191
772	0.000295	0.000197	0.000192
773	0.000301	0.000219	0.000176
774	0.000304	0.000197	0.000187
775	0.000301	0.000196	0.000187
776	0.000300	0.000198	0.000176
777	0.000336	0.000197	0.000198
778	0.000309	0.000197	0.000186
779	0.000308	0.000195	0.000178
780	0.000308	0.000195	0.000192
781	0.000301	0.000199	0.000190
782	0.000323	0.000199	0.000180
783	0.000326	0.000201	0.000192
784	0.000312	0.000199	0.000189
785	0.000315	0.000201	0.000181
786	0.000318	0.000201	0.000198
787	0.000304	0.000270	0.000190
788	0.000327	0.000200	0.000179
789	0.000309	0.000200	0.000189
790	0.000312	0.000199	0.000192
791	0.000310	0.000203	0.000183
792	0.000305	0.000201	0.000230
793	0.000313	0.000200	0.000192
794	0.000318	0.000203	0.000183
795	0.000313	0.000203	0.000192
796	0.000341	0.000235	0.000200
797	0.000312	0.000205	0.000217
798	0.000328	0.000207	0.000192
799	0.000336	0.000206	0.000193
